MODEL "noname"
EXPORT_VERSION 4
SOURCE_FILE "Q:\WorkData\Tactical\MaxModels\weapons\h_gun+point_final_exp.max"
MATERIAL_LIST
MATERIAL 0 "Material #13334"
DIFFUSE_COLOR 0.5882	0.5882	0.5882
TEXTURE 0
FILE_NAME "tactical/textures/weapons/tnt.tga"
U_WRAP V_WRAP
ALPHA_MODE 0
END_OF_TEXTURE
END_OF_MATERIAL
END_OF_MATERIAL_LIST
MESH "flare"
MATERIAL_REF 0
DEFAULT_COLOR 0.8392	0.8941	0.6000
VERTS 13
-1.000000 -5.000000 -1.000000 0.158285 0.061842 -0.739000 -0.451000 -0.500000 
-1.000000 -5.000000 2.000000 0.341715 0.061842 -0.739000 -0.451000 0.500000 
2.000000 -6.000000 -2.000000 -0.035150 0.061842 0.206000 -0.550000 -0.809000 
2.000000 -6.000000 -2.000000 0.964850 0.061842 0.206000 -0.550000 -0.809000 
2.000000 -6.000000 3.000000 0.535150 0.061842 0.206000 -0.550000 0.809000 
2.000000 20.000000 -1.000000 0.158285 0.938158 -0.629000 0.595000 -0.500000 
2.000000 20.000000 2.000000 0.341715 0.938158 -0.629000 0.595000 0.500000 
4.000000 -6.000000 0.000000 0.750000 0.061842 0.791000 -0.612000 0.000000 
5.000000 20.000000 -2.000000 -0.035150 0.938158 0.316000 0.495000 -0.809000 
5.000000 20.000000 -2.000000 0.964850 0.938158 0.316000 0.495000 -0.809000 
5.000000 20.000000 3.000000 0.535150 0.938158 0.316000 0.495000 0.809000 
6.000000 19.000000 0.000000 -0.250000 0.938158 0.901000 0.434000 0.000000 
6.000000 19.000000 0.000000 0.750000 0.938158 0.901000 0.434000 0.000000 
PRIMITIVE_GEOMETRY_GROUPS 1
GROUP 0 TYPE_LIST
COUNT 48
1 0 2 1 2 7 1 7 4 5 2 0 5 8 2 6 0 1 6 5 0 9 7 3
9 12 7 10 1 4 10 6 1 11 5 6 11 8 5 12 4 7 12 6 10 12 10 4

END_OF_GROUP 0
END_OF_MESH "flare"
END_OF_MODEL
